2147483647C
24622239 34
14221 1
5445 1
-14433 -1
-7338 -1
-5548 -1
24183 1
5390 1
19074 1
-5488 -1
-24595 -1
23877 1
5376 1
-5474 -1
-24297 -1
-19465 -1
1874270 1
3553 1
9777 1
-9930 -1
17192 1
521 1
9337 1
-9477 -1
522 1
14217 1
1235 1
1266 1
-1284 -1
496 1
-1316 -1
1779 1
-522 -1
1437 1
-1844 -1
-14429 -1
1476 1
-1490 -1
9328 1
-9468 -1
9788 1
23868 1
18145 1
1065472 1
1069355 1
-24288 -1
-9945 -1
9798 1
-9955 -1
4887 1
-4970 -1
29201 1
-29853 -1
4901 1
29192 1
5987 1
-29844 -1
-4984 -1
-6097 -1
14545 1
-14767 -1
29200 1
5949 1
-6059 -1
-29852 -1
2143 1
20354 1
5944 1
20892 1
8728 1
14544 1
1916524 1
5940 1
-21379 -1
-6054 -1
-6050 -1
-14766 -1
20670 1
22737 1
4279 1
-20973 -1
-27613 -2
-1941491 -1
695867 1
30306 1
-30920 -1
1017259 1
20679 1
411 1
1017337 1
-426 -1
4284 1
-4362 -1
30307 1
-30921 -1
14544 1
-14766 -1
-8883 -1
168756 1
2552 1
2849 1
-2629 -1
2973 1
-2944 -1
-171048 -1
112415 1
62529 1
1196 1
1166 1
-1253 -1
1390 1
1623 1
-1469 -1
14544 1
52995 1
286009 1
1335 1
-54077 -1
1020428 1
332 1
589 1
-342 -1
18880 1
-609 -1
20144 1
14836 1
-15129 -1
-20473 -1
-14766 -1
-63703 -1
-289975 -1
55650 1
3607 1
3508 1
23192 1
25086 1
23195 1
-25469 -1
44452 1
2506911 1
101702 1
12161 1
-12421 -1
-45374 -1
14660 1
-14953 -1
29786 1
-30306 -1
552 1
7851 1
21707 1
3032 1
66945 1
-22062 -1
-8015 -1
-3100 -1
1015455 1
11966 1
3161 1
3177 1
-3258 -1
535 1
19517 1
-551 -1
10074 1
-10314 -1
23066 1
717 1
1176419 1
2527 1
1017713 1
1017939 1
-1030950 -1
2541 1
-2609 -1
-2595 -1
13085 1
-13361 -1
366964 1
366907 1
69493 1
38175 1
15741 1
-16074 -1
22779 1
-23256 -1
17797 1
21681 1
9936 1
13781 1
4004 1
2828 1
-4087 -1
-10167 -1
19625 1
7296 1
4865 1
10026 1
6884 1
7914 1
-8079 -1
6917 1
6859 1
12634 1
3934 1
78298 1
-4014 -1
918531 1
614 1
628 1
-645 -1
918533 1
1147562 1
1147443 1
488 1
511 1
520 1
-529 -1
538 1
-547 -1
676 1
-558 -1
731 1
-717 -1
1001 1
-779 -1
1293 1
-1054 -1
1619 1
-1355 -1
1750 1
-1691 -1
1871 1
-1823 -1
3853 1
22537 1
1469 1
-23093 -1
942 1
1423 1
145208 1
129497 1
7065 1
4191 1
-4279 -1
1177875 1
1177570 1
4260 1
4044 1
129735 1
4771 1
-4879 -1
-4127 -1
-4347 -1
-7246 -1
-12818 -1
-7410 -1
129498 1
25031 1
-25613 -1
266015 1
7830 1
4758 1
4850 1
15467 1
-15819 -1
-4948 -1
-4865 -1
261711 1
2594 1
5069 1
-5213 -1
12455 1
223481 1
223487 1
-12713 -1
4748 1
4760 1
-4867 -1
-4844 -1
-8032 -1
-269502 -1
-10176 -1
4190 1
-4278 -1
970 1
414919 1
28491 1
31481 1
4622 1
4776 1
-4875 -1
-4727 -1
268 1
223103 1
-277 -1
12289 1
4782 1
-4880 -1
-12544 -1
3090 1
11544 1
4673 1
446609 1
446896 1
3977 1
20597 1
-4779 -1
-11697 -1
-21144 -1
-4059 -1
-3157 -1
3303 1
3296 1
8353 1
4050 1
3907 1
659 1
711426 1
-691 -1
3871 1
